644.69
645.01
645.33
645.65
645.97
646.29
646.61
646.93
647.25
647.57
647.89
648.21
648.53
648.85
649.17
649.49
649.81
650.13
650.45
650.77
651.09
651.41
651.73
652.05
652.37
652.69
653.01
653.33
653.65
653.97
654.27
654.61
654.93
655.25
655.57
655.89
656.21
656.53
656.85
657.17
657.47
657.81
658.13
658.45
658.77
659.09
659.41
659.73
660.05
660.35
660.69
661.01
661.33
661.65
661.97
662.29
662.61
662.93
663.25
663.57
663.89
664.21
664.53
664.85
665.17
665.49
665.81
666.13
666.45
666.77
667.09
667.41
667.73
668.05
668.37
668.69
669.01
669.33
669.65
669.97
670.29
670.61
670.93
671.25
671.57
671.89
672.21
672.53
672.85
673.17
673.49
673.81
674.13
674.45
674.77
675.09
675.41
675.73
676.05
676.37
676.69
677.01
677.33
677.65
677.97
678.29
678.61
678.93
679.25
679.57
679.89
680.21
680.53
680.85
681.17
681.49
681.81
682.13
682.45
682.77
683.09
683.41
683.71
684.05
684.37
684.69
685.01
685.33
685.65
685.97
686.29
686.61
686.93
687.23
687.57
687.89
688.21
688.53
688.85
689.17
689.49
689.81
690.13
690.45
690.77
691.09
691.41
691.73
692.05
692.37
692.69
693.01
693.33
693.65
693.97
694.29
694.61
694.93
695.25
695.57
695.89
696.21
696.53
696.85
697.17
697.49
697.81
698.13
698.45
698.77
699.09
699.41
699.73
700.05
700.37
700.69
701.01
701.33
701.65
701.97
702.29
702.61
702.93
703.25
703.57
703.89
704.21
704.53
704.85
705.17
705.49
705.81
706.13
706.45
706.77
707.09
707.41
707.73
708.05
708.37
708.69
709.01
709.33
709.65
709.97
710.29
710.61
710.93
711.25
711.57
711.89
712.21
712.53
712.85
713.17
713.49
713.81
714.13
714.45
714.77
715.09
715.41
715.73
716.05
716.37
716.69
717.01
717.33
717.65
717.97
718.29
718.61
718.93
719.25
719.57
719.89
720.21
720.53
720.85
721.17
721.49
721.81
722.13
722.45
722.77
723.09
723.41
723.73
724.05
724.37
724.69
725.01
725.33
725.65
725.97
726.29
726.61
726.93
727.25
727.57
727.89
728.21
728.53
728.85
729.17
729.49
729.81
730.13
730.45
730.77
731.09
731.41
731.73
732.05
732.37
732.69
733.01
733.33
733.65
733.97
734.29
734.61
734.93
735.25
735.57
735.89
736.21
736.53
736.85
737.17
737.49
737.81
738.13
738.45
738.77
739.09
739.41
739.73
740.05
740.37
740.69
741.01
741.33
741.65
741.97
742.29
742.61
742.93
743.25
743.57
743.89
744.21
744.53
744.85
745.17
745.49
745.81
746.13
746.45
746.77
747.09
747.41
747.73
748.05
748.37
748.69
749.01
749.33
749.65
749.97
750.29
750.61
750.93
751.25
751.57
751.89
752.21
752.53
752.85
753.17
753.49
753.81
754.13
754.45
754.77
755.09
755.41
755.73
756.05
756.37
756.69
757.01
757.33
757.65
757.97
758.29
758.61
758.93
759.25
759.57
759.89
760.21
760.53
760.85
761.17
761.49
761.81
762.13
762.45
762.77
763.09
763.41
763.73
764.05
764.37
764.69
765.01
765.33
765.65
765.97
766.29
766.61
766.93
767.25
767.57
767.89
768.21
768.53
768.85
769.17
769.49
769.81
770.13
770.45
770.77
771.09
771.41
771.73
772.05
772.37
772.69
773.01
773.33
773.65
773.97
774.29
774.61
774.93
775.25
775.57
775.89
776.21
776.53
776.85
777.17
777.49
777.81
778.13
778.45
778.77
779.09
779.41
779.73
780.05
780.37
780.69
781.01
781.33
781.65
781.97
782.29
782.61
782.93
783.25
783.57
783.89
784.21
784.53
784.85
785.17
785.49
785.81
786.13
786.45
786.77
787.09
787.41
787.73
788.05
788.37
788.69
789.01
789.33
789.65
789.97
790.29
790.61
790.93
791.25
791.57
791.89
792.21
792.53
792.85
793.17
793.49
793.81
794.13
794.45
794.77
795.09
795.41
795.73
796.05
796.37
796.69
797.01
797.33
797.65
797.97
798.29
798.61
798.93
799.25
799.57
799.89
800.21
800.53
800.85
801.17
801.49
801.81
802.13
802.45
802.77
803.09
803.41
803.73
804.05
804.37
804.69
805.01
805.33
805.65
805.97
806.29
806.61
806.93
807.25
807.57
807.89
808.21
808.53
808.85
809.17
809.49
809.81
810.13
810.45
810.77
811.09
811.41
811.73
812.05
812.37
812.69
813.01
813.33
813.65
813.97
814.29
814.61
814.93
815.25
815.57
815.89
816.21
816.53
816.85
817.17
817.49
817.81
818.13
818.45
818.77
819.09
819.41
819.73
820.05
820.37
820.69
821.01
821.33
821.65
821.97
822.29
822.61
822.93
823.25
823.57
823.89
824.21
824.53
824.85
825.17
825.49
825.81
826.13
826.45
826.77
827.09
827.41
827.73
828.05
828.37
828.69
829.01
829.33
829.65
829.97
830.29
830.61
830.93
831.25
831.57
831.89
832.21
832.53
832.85
833.17
833.49
833.81
834.13
834.45
834.77
835.09
835.41
835.73
836.05
836.37
836.69
837.01
837.33
837.65
837.97
838.29
838.61
838.93
839.25
839.57
839.89
840.21
840.53
840.85
841.17
841.49
841.81
842.13
842.45
842.77
843.09
843.41
843.73
844.05
844.37
844.69
845.01
845.33
845.65
845.97
846.29
846.61
846.93
847.25
847.57
847.89
848.21
848.53
848.85
849.17
849.49
849.81
850.13
850.45
850.77
851.09
851.41
851.73
852.05
852.36
852.69
853.01
853.33
853.65
853.97
854.29
854.61
854.93
855.25
855.57
855.89
856.21
856.53
856.85
857.17
857.49
857.81
858.13
858.45
858.77
859.09
859.41
859.73
860.05
860.37
860.69
861.01
861.33
861.65
861.97
862.29
862.61
862.93
863.25
863.57
863.89
864.21
864.53
864.85
865.17
865.49
865.81
866.13
866.45
866.77
867.09
867.41
867.73
868.05
868.37
868.69
869.01
869.33
869.65
869.97
870.29
870.61
870.93
871.25
871.57
871.89
872.21
872.53
872.85
873.17
873.49
873.81
874.13
874.45
874.77
875.09
875.41
875.72
876.05
876.37
876.69
877.01
877.33
877.65
877.97
878.29
878.61
878.93
879.25
879.57
879.89
880.21
880.53
880.85
881.17
881.49
881.81
882.13
882.45
882.77
883.09
883.41
883.73
884.05
884.37
884.69
885.01
885.33
885.65
885.97
886.29
886.61
886.93
887.25
887.57
887.89
888.21
888.53
888.85
889.17
889.49
889.81
890.13
890.45
890.77
891.09
891.41
891.72
892.05
892.37
892.69
893
893.33
893.65
893.97
894.29
894.61
894.93
895.25
895.57
895.89
896.21
896.53
896.85
897.17
897.49
897.81
898.13
898.45
898.77
899.09
899.41
899.73
900.04
900.37
900.69
901.01
901.33
901.65
901.97
902.29
902.61
902.93
903.25
903.56
903.89
904.21
904.53
904.85
905.17
905.49
905.81
906.13
906.45
906.77
907.09
907.41
907.73
908.05
908.37
908.69
909.01
909.33
909.65
909.97
910.29
910.61
910.93
911.25
911.57
911.89
912.21
912.53
912.85
913.17
913.49
913.81
914.13
914.45
914.77
915.08
915.41
915.73
916.05
916.37
916.69
917.01
917.33
917.65
917.97
918.28
918.61
918.93
919.25
919.57
919.89
920.21
920.53
920.85
921.17
921.49
921.81
922.13
922.45
922.77
923.09
923.41
923.73
924.05
924.37
924.69
925.01
925.33
925.64
925.97
926.29
926.61
926.93
927.25
927.57
927.89
928.21
928.53
928.85
929.17
929.49
929.81
930.13
930.44
930.77
931.09
931.41
931.73
932.05
932.37
932.69
933.01
933.32
933.65
933.97
934.29
934.61
934.93
935.25
935.57
935.89
936.21
936.53
936.85
937.16
937.48
937.81
938.13
938.45
938.76
939.09
939.41
939.73
940.05
940.37
940.69
941.01
941.33
941.65
941.97
942.29
942.61
942.93
943.25
943.57
943.89
944.2
944.53
944.85
945.17
945.48
945.81
946.13
946.45
946.76
947.08
947.41
947.73
948.05
948.37
948.69
949.01
949.32
949.64
949.97
950.29
950.61
950.93
951.25
951.57
951.89
952.21
952.53
952.85
953.16
953.49
953.81
954.13
954.45
954.77
955.09
955.41
955.72
956.05
956.37
956.68
957.01
957.33
957.64
957.97
958.28
958.61
958.93
959.24
959.57
959.89
960.21
960.52
960.85
961.17
961.49
961.81
962.13
962.45
962.76
963.09
963.41
963.72
964.04
964.37
964.69
965
965.32
965.64
965.96
966.28
966.61
966.93
967.24
967.56
967.88
968.2
968.52
968.85
969.17
969.48
969.8
970.13
970.44
970.76
971.08
971.41
971.73
972.04
972.36
972.69
973
973.32
973.65
973.96
974.28
974.6
974.93
975.24
975.56
975.88
976.2
976.53
976.84
977.16
977.48
977.8
978.13
978.44
978.76
979.08
979.4
979.72
980.04
980.36
980.68
981
981.32
981.64
981.96
982.28
982.6
982.92
983.25
983.57
983.88
984.2
984.52
984.84
985.16
985.48
985.8
986.12
986.45
986.76
987.08
987.4
987.72
988.05
988.36
988.68
989
989.32
989.64
989.96
990.28
990.6
990.92
991.25
991.56
991.89
992.2
992.52
992.84
993.16
993.48
993.8
994.12
994.44
994.77
995.08
995.4
995.72
996.04
996.36
996.68
997
997.32
997.64
997.96
998.29
998.6
998.92
999.24
999.56
999.88
1000.2
1000.5
1000.8
1001.2
1001.5
1001.8
1002.1
1002.4
1002.8
1003.1
1003.4
1003.7
1004
1004.4
1004.7
1005
1005.3
1005.6
1006
1006.3
1006.6
1006.9
1007.2
1007.6
1007.9
1008.2
1008.5
1008.8
1009.2
1009.5
1009.8
1010.1
1010.4
1010.8
1011.1
1011.4
1011.7
1012
1012.4
1012.7
1013
1013.3
1013.6
1014
1014.3
1014.6
1014.9
1015.2
1015.6
1015.9
1016.2
1016.5
1016.8
1017.2
1017.5
1017.8
1018.1
1018.4
1018.8
1019.1
1019.4
1019.7
1020
1020.4
1020.7
1021
1021.3
1021.6
1022
1022.3
1022.6
1022.9
1023.2
1023.6
1023.9
1024.2
1024.5
1024.8
1025.2
1025.5
1025.8
1026.1
1026.4
1026.8
1027.1
1027.4
1027.7
1028
1028.4
1028.7
1029
1029.3
1029.6
1030
1030.3
1030.6
1030.9
1031.2
1031.6
1031.9
1032.2
1032.5
1032.8
1033.2
1033.5
1033.8
1034.1
1034.4
1034.8
1035.1
1035.4
1035.7
1036
1036.4
1036.7
1037
1037.3
1037.6
1038
1038.3
1038.6
1038.9
1039.2
1039.6
1039.9
1040.2
1040.5
1040.8
1041.2
1041.5
1041.8
1042.1
1042.4
1042.8
1043.1
1043.4
1043.7
1044
1044.4
1044.7
1045
1045.3
1045.6
1046
1046.3
1046.6
1046.9
1047.2
1047.6
1047.9
1048.2
1048.5
1048.8
1049.2
1049.5
1049.8
1050.1
1050.4
1050.8
1051.1
1051.4
1051.7
1052
1052.4
1052.7
1053
1053.3
1053.6
1054
1054.3
1054.6
1054.9
1055.2
1055.6
1055.9
1056.2
1056.5
1056.8
1057.2
1057.5
1057.8
1058.1
1058.4
1058.8
1059.1
1059.4
1059.7
1060
1060.4
1060.7
1061
1061.3
1061.6
1062
1062.3
1062.6
1062.9
1063.2
1063.6
1063.9
1064.2
1064.5
1064.8
1065.2
1065.5
1065.8
1066.1
1066.4
1066.8
1067.1
1067.4
1067.7
1068
1068.4
1068.7
1069
1069.3
1069.6
1070
1070.3
1070.6
1070.9
1071.2
1071.6
1071.9
1072.2
1072.5
1072.8
1073.2
1073.5
1073.8
1074.1
1074.4
1074.8
1075.1
1075.4
1075.7
1076
1076.4
1076.7
1077
1077.3
1077.6
1078
1078.3
1078.6
1078.9
1079.2
1079.6
1079.9
1080.2
1080.5
1080.8
1081.2
1081.5
1081.8
1082.1
1082.4
1082.8
1083.1
1083.4
1083.7
1084
1084.4
1084.7
1085
1085.3
1085.6
1086
1086.3
1086.6
1086.9
1087.2
1087.6
1087.9
1088.2
1088.5
1088.8
1089.2
1089.5
1089.8
1090.1
1090.4
1090.8
1091.1
1091.4
1091.7
1092
1092.4
1092.7
1093
1093.3
1093.6
1094
1094.3
1094.6
1094.9
1095.2
1095.6
1095.9
1096.2
1096.5
1096.8
1097.2
1097.5
1097.8
1098.1
1098.4
1098.8
1099.1
1099.4
1099.7
1100
1100.4
1100.7
1101
1101.3
1101.6
1102
1102.3
1102.6
1102.9
1103.2
1103.6
1103.9
1104.2
1104.5
1104.8
1105.2
1105.5
1105.8
1106.1
1106.4
1106.8
1107.1
1107.4
1107.7
1108
1108.4
1108.7
1109
1109.3
1109.6
1110
1110.3
1110.6
1110.9
1111.2
1111.6
1111.9
1112.2
1112.5
1112.8
1113.2
1113.5
1113.8
1114.1
1114.4
1114.8
1115.1
1115.4
1115.7
1116
1116.4
1116.7
1117
1117.3
1117.6
1118
1118.3
1118.6
1118.9
1119.2
1119.6
1119.9
1120.2
1120.5
1120.8
1121.2
1121.5
1121.8
1122.1
1122.4
1122.8
1123.1
1123.4
1123.7
1124
1124.4
1124.7
1125
1125.3
1125.6
1126
1126.3
1126.6
1126.9
1127.2
1127.6
1127.9
1128.2
1128.5
1128.8
1129.2
1129.5
1129.8
1130.1
1130.4
1130.8
1131.1
1131.4
1131.7
1132
1132.4
1132.7
1133
1133.3
1133.6
1134
1134.3
1134.6
1134.9
1135.2
1135.6
1135.9
1136.2
1136.5
1136.8
1137.2
1137.5
1137.8
1138.1
1138.4
1138.8
1139.1
1139.4
1139.7
1140
1140.4
1140.7
1141
1141.3
1141.6
1142
1142.3
1142.6
1142.9
1143.2
1143.6
1143.9
1144.2
1144.5
1144.8
1145.2
1145.5
1145.8
1146.1
1146.4
1146.8
1147.1
1147.4
1147.7
1148
1148.4
1148.7
1149
1149.3
1149.6
1150
1150.3
1150.6
1150.9
1151.2
1151.6
1151.9
1152.2
1152.5
1152.8
1153.2
1153.5
1153.8
1154.1
1154.4
1154.8
1155.1
1155.4
1155.7
1156
1156.4
1156.7
1157
1157.3
1157.6
1158
1158.3
1158.6
1158.9
1159.2
1159.6
1159.9
1160.2
1160.5
1160.8
1161.2
1161.5
1161.8
1162.1
1162.4
1162.8
1163.1
1163.4
1163.7
1164
1164.4
1164.7
1165
1165.3
1165.6
1166
1166.3
1166.6
1166.9
1167.2
1167.6
1167.9
1168.2
1168.5
1168.8
1169.2
1169.5
1169.8
1170.1
1170.4
1170.8
1171.1
1171.4
1171.7
1172
1172.4
1172.7
1173
1173.3
1173.6
1174
1174.3
1174.6
1174.9
1175.2
1175.6
1175.9
1176.2
1176.5
1176.8
1177.2
1177.5
1177.8
1178.1
1178.4
1178.8
1179.1
1179.4
1179.7
1180
1180.4
1180.7
1181
1181.3
1181.6
1182
1182.3
1182.6
1182.9
1183.2
1183.6
1183.9
1184.2
1184.5
1184.8
1185.2
1185.5
1185.8
1186.1
1186.4
1186.8
1187.1
1187.4
1187.7
1188
1188.4
1188.7
1189
1189.3
1189.6
1190
1190.3
1190.6
1190.9
1191.2
1191.6
1191.9
1192.2
1192.5
1192.8
1193.2
1193.5
1193.8
1194.1
1194.4
1194.8
1195.1
1195.4
1195.7
1196
1196.4
1196.7
1197
1197.3
1197.6
1198
1198.3
1198.6
1198.9
1199.2
1199.6
1199.9
1200.2
1200.5
1200.8
1201.2
1201.5
1201.8
1202.1
1202.4
1202.8
1203.1
1203.4
1203.7
1204
1204.4
1204.7
1205
1205.3
1205.6
1206
1206.3
1206.6
1206.9
1207.2
1207.6
1207.9
1208.2
1208.5
1208.8
1209.2
1209.5
1209.8
1210.1
1210.4
1210.8
1211.1
1211.4
1211.7
1212
1212.4
1212.7
1213
1213.3
1213.6
1214
1214.3
1214.6
1214.9
1215.2
1215.6
1215.9
1216.2
1216.5
1216.8
1217.2
1217.5
1217.8
1218.1
1218.4
1218.8
1219.1
1219.4
1219.7
1220
1220.4
1220.7
1221
1221.3
1221.6
1222
1222.3
1222.6
1222.9
1223.2
1223.6
1223.9
1224.2
1224.5
1224.8
1225.2
1225.5
1225.8
1226.1
1226.4
1226.8
1227.1
1227.4
1227.7
1228
1228.4
1228.7
1229
1229.3
1229.6
1230
1230.3
1230.6
1230.9
1231.2
1231.6
1231.9
1232.2
1232.5
1232.8
1233.2
1233.5
1233.8
1234.1
1234.4
1234.8
1235.1
1235.4
1235.7
1236
1236.4
1236.7
1237
1237.3
1237.6
1238
1238.3
1238.6
1238.9
1239.2
1239.6
1239.9
1240.2
1240.5
1240.8
1241.2
1241.5
1241.8
1242.1
1242.4
1242.8
1243.1
1243.4
1243.7
1244
1244.4
1244.7
1245
1245.3
1245.6
1246
1246.3
1246.6
1246.9
1247.2
1247.6
1247.9
1248.2
1248.5
1248.8
1249.2
1249.5
1249.8
1250.1
1250.4
1250.8
1251.1
1251.4
1251.7
1252
1252.4
1252.7
1253
1253.3
1253.6
1254
1254.3
1254.6
1254.9
1255.2
1255.6
1255.9
1256.2
1256.5
1256.8
1257.2
1257.5
1257.8
1258.1
1258.4
1258.8
1259.1
1259.4
1259.7
1260
1260.4
1260.7
1261
1261.3
1261.6
1262
1262.3
1262.6
1262.9
1263.2
1263.6
1263.9
1264.2
1264.5
1264.8
1265.2
1265.5
1265.8
1266.1
1266.4
1266.8
1267.1
1267.4
1267.7
1268
1268.4
1268.7
1269
1269.3
1269.6
1270
1270.3
1270.6
1270.9
1271.2
1271.6
1271.9
1272.2
1272.5
1272.8
1273.2
1273.5
1273.8
1274.1
1274.4
1274.8
1275.1
1275.4
1275.7
1276
1276.4
1276.7
1277
1277.3
1277.6
1278
1278.3
1278.6
1278.9
1279.2
1279.6
1279.9
1280.2
1280.5
1280.8
1281.2
1281.5
1281.8
1282.1
1282.4
1282.8
1283.1
1283.4
1283.7
1284
1284.4
1284.7
1285
1285.3
1285.6
1286
1286.3
1286.6
1286.9
1287.2
1287.6
1287.9
1288.2
1288.5
1288.8
1289.2
1289.5
1289.8
1290.1
1290.4
1290.8
1291.1
1291.4
1291.7
1292
1292.4
1292.7
1293
1293.3
1293.6
1294
1294.3
1294.6
1294.9
1295.2
1295.6
1295.9
1296.2
1296.5
1296.8
1297.2
1297.5
1297.8
1298.1
1298.4
1298.8
1299.1
1299.4
1299.7
1300
1300.4
1300.7
1301
1301.3
1301.6
1302
1302.3
1302.6
1302.9
1303.2
1303.6
1303.9
1304.2
1304.5
1304.8
1305.2
1305.5
1305.8
1306.1
1306.4
1306.8
1307.1
1307.4
1307.7
1308
1308.4
1308.7
1309
1309.3
1309.6
1310
1310.3
1310.6
1310.9
1311.2
1311.6
1311.9
1312.2
1312.5
1312.8
1313.2
1313.5
1313.8
1314.1
1314.4
1314.8
1315.1
1315.4
1315.7
1316
1316.4
1316.7
1317
1317.3
1317.6
1318
1318.3
1318.6
1318.9
1319.2
1319.6
1319.9
1320.2
1320.5
1320.8
1321.2
1321.5
1321.8
1322.1
1322.4
1322.8
1323.1
1323.4
1323.7
1324
1324.4
1324.7
1325
1325.3
1325.6
1326
1326.3
1326.6
1326.9
1327.2
1327.6
1327.9
1328.2
1328.5
1328.8
1329.2
1329.5
1329.8
1330.1
1330.4
1330.8
1331.1
1331.4
1331.7
1332
1332.4
1332.7
1333
1333.3
1333.6
1334
1334.3
1334.6
1334.9
1335.2
1335.6
1335.9
1336.2
1336.5
1336.8
1337.2
1337.5
1337.8
1338.1
1338.4
1338.8
1339.1
1339.4
1339.7
1340
1340.4
1340.7
1341
1341.3
1341.6
1342
1342.3
1342.6
1342.9
1343.2
1343.6
1343.9
1344.2
1344.5
1344.8
1345.2
1345.5
1345.8
1346.1
1346.4
1346.8
1347.1
1347.4
1347.7
1348
1348.4
1348.7
1349
1349.3
1349.6
1350
1350.3
1350.6
1350.9
1351.2
1351.6
1351.9
1352.2
1352.5
1352.8
1353.2
1353.5
1353.8
1354.1
1354.4
1354.8
1355.1
1355.4
1355.7
1356
1356.4
1356.7
1357
1357.3
1357.6
1358
1358.3
1358.6
1358.9
1359.2
1359.6
1359.9
1360.2
1360.5
1360.8
1361.2
1361.5
1361.8
1362.1
1362.4
1362.8
1363.1
1363.4
1363.7
1364
1364.4
1364.7
1365
1365.3
1365.6
1366
1366.3
1366.6
1366.9
1367.2
1367.6
1367.9
1368.2
1368.5
1368.8
1369.2
1369.5
1369.8
1370.1
1370.4
1370.8
1371.1
1371.4
1371.7
1372
1372.4
1372.7
1373
1373.3
1373.6
1374
1374.3
1374.6
1374.9
1375.2
1375.6
1375.9
1376.2
1376.5
1376.8
1377.2
1377.5
1377.8
1378.1
1378.4
1378.8
1379.1
1379.4
1379.7
1380
1380.4
1380.7
1381
1381.3
1381.6
1382
1382.3
1382.6
1382.9
1383.2
1383.6
1383.9
1384.2
1384.5
1384.8
1385.2
1385.5
1385.8
1386.1
1386.4
1386.8
1387.1
1387.4
1387.7
1388
1388.4
1388.7
1389
1389.3
1389.6
1390
1390.3
1390.6
1390.9
1391.2
1391.6
1391.9
1392.2
1392.5
1392.8
1393.2
1393.5
1393.8
1394.1
1394.4
1394.8
1395.1
1395.4
1395.7
1396
1396.4
1396.7
1397
1397.3
1397.6
1398
1398.3
1398.6
1398.9
1399.2
1399.6
1399.9
1400.2
1400.5
1400.8
1401.2
1401.5
1401.8
1402.1
1402.4
1402.8
1403.1
1403.4
1403.7
1404
1404.4
1404.7
1405
1405.3
1405.6
1406
1406.3
1406.6
1406.9
1407.2
1407.6
1407.9
1408.2
1408.5
1408.8
1409.2
1409.5
1409.8
1410.1
1410.4
1410.8
1411.1
1411.4
1411.7
1412
1412.4
1412.7
1413
1413.3
1413.6
1414
1414.3
1414.6
1414.9
1415.2
1415.6
1415.9
1416.2
1416.5
1416.8
1417.2
1417.5
1417.8
1418.1
1418.4
1418.8
1419.1
1419.4
1419.7
1420
1420.4
1420.7
1421
1421.3
1421.6
1422
1422.3
1422.6
1422.9
1423.2
1423.6
1423.9
1424.2
1424.5
1424.8
1425.2
1425.5
1425.8
1426.1
1426.4
1426.8
1427.1
1427.4
1427.7
1428
1428.4
1428.7
1429
1429.3
1429.6
1430
1430.3
1430.6
1430.9
1431.2
1431.6
1431.9
1432.2
1432.5
1432.8
1433.2
1433.5
1433.8
1434.1
1434.4
1434.8
1435.1
1435.4
1435.7
1436
1436.4
1436.7
1437
1437.3
1437.6
1438
1438.3
1438.6
1438.9
1439.2
1439.6
1439.9
1440.2
1440.5
1440.8
1441.2
1441.5
1441.8
1442.1
1442.4
1442.8
1443.1
1443.4
1443.7
1444
1444.4
1444.7
1445
1445.3
1445.6
1446
1446.3
1446.6
1446.9
1447.2
1447.6
1447.9
1448.2
1448.5
1448.8
1449.2
1449.5
1449.8
1450.1
1450.4
1450.8
1451.1
1451.4
1451.7
1452
1452.4
1452.7
1453
1453.3
1453.6
1454
1454.3
1454.6
1454.9
1455.2
1455.6
1455.9
1456.2
1456.5
1456.8
1457.2
1457.5
1457.8
1458.1
1458.4
1458.8
1459.1
1459.4
1459.7
1460
1460.4
1460.7
1461
1461.3
1461.6
1462
1462.3
1462.6
1462.9
1463.2
1463.6
1463.9
1464.2
1464.5
1464.8
1465.2
1465.5
1465.8
1466.1
1466.4
1466.8
1467.1
1467.4
1467.7
1468
1468.4
1468.7
1469
1469.3
1469.6
1470
1470.3
1470.6
1470.9
1471.2
1471.6
1471.9
1472.2
1472.5
1472.8
1473.2
1473.5
1473.8
1474.1
1474.4
1474.8
1475.1
1475.4
1475.7
1476
1476.4
1476.7
1477
1477.3
1477.6
1478
1478.3
1478.6
1478.9
1479.2
1479.6
1479.9
1480.2
1480.5
1480.8
1481.2
1481.5
1481.8
1482.1
1482.4
1482.8
1483.1
1483.4
1483.7
1484
1484.4
1484.7
1485
1485.3
1485.6
1486
1486.3
1486.6
1486.9
1487.2
1487.6
1487.9
1488.2
1488.5
1488.8
1489.2
1489.5
1489.8
1490.1
1490.4
1490.8
1491.1
1491.4
1491.7
1492
1492.4
1492.7
1493
1493.3
1493.6
1494
1494.3
1494.6
1494.9
1495.2
1495.6
1495.9
1496.2
1496.5
1496.8
1497.2
1497.5
1497.8
1498.1
1498.4
1498.8
1499.1
1499.4
1499.7
1500
1500.4
1500.7
1501
1501.3
1501.6
1502
1502.3
1502.6
1502.9
1503.2
1503.6
1503.9
1504.2
1504.5
1504.8
1505.2
1505.5
1505.8
1506.1
1506.4
1506.8
1507.1
1507.4
1507.7
1508
1508.4
1508.7
1509
1509.3
1509.6
1510
1510.3
1510.6
1510.9
1511.2
1511.6
1511.9
1512.2
1512.5
1512.8
1513.2
1513.5
1513.8
1514.1
1514.4
1514.8
1515.1
1515.4
1515.7
1516
1516.4
1516.7
1517
1517.3
1517.6
1518
1518.3
1518.6
1518.9
1519.2
1519.6
1519.9
1520.2
1520.5
1520.8
1521.2
1521.5
1521.8
1522.1
1522.4
1522.8
1523.1
1523.4
1523.7
1524
1524.4
1524.7
1525
1525.3
1525.6
1526
1526.3
1526.6
1526.9
1527.2
1527.6
1527.9
1528.2
1528.5
1528.8
1529.2
1529.5
1529.8
1530.1
1530.4
1530.8
1531.1
1531.4
1531.7
1532
1532.4
1532.7
1533
1533.3
1533.6
1534
1534.3
1534.6
1534.9
1535.2
1535.6
1535.9
1536.2
1536.5
1536.8
1537.2
1537.5
1537.8
1538.1
1538.4
1538.8
1539.1
1539.4
1539.7
1540
1540.4
1540.7
1541
1541.3
1541.6
1542
1542.3
1542.6
1542.9
1543.2
1543.6
1543.9
1544.2
1544.5
1544.8
1545.2
1545.5
1545.8
1546.1
1546.4
1546.8
1547.1
1547.4
1547.7
1548
1548.4
1548.7
1549
1549.3
1549.6
1550
1550.3
1550.6
1550.9
1551.2
1551.6
1551.9
1552.2
1552.5
1552.8
1553.2
1553.5
1553.8
1554.1
1554.4
1554.8
1555.1
1555.4
1555.7
1556
1556.4
1556.7
1557
1557.3
1557.6
1558
1558.3
1558.6
1558.9
1559.2
1559.6
1559.9
1560.2
1560.5
1560.8
1561.2
1561.5
1561.8
1562.1
1562.4
1562.8
1563.1
1563.4
1563.7
1564
1564.4
1564.7
1565
1565.3
1565.6
1566
1566.3
1566.6
1566.9
1567.2
1567.6
1567.9
1568.2
1568.5
1568.8
1569.2
1569.5
1569.8
1570.1
1570.4
1570.8
1571.1
1571.4
1571.7
1572
1572.4
1572.7
1573
1573.3
1573.6
1574
1574.3
1574.6
1574.9
1575.2
1575.6
1575.9
1576.2
1576.5
1576.8
1577.2
1577.5
1577.8
1578.1
1578.4
1578.8
1579.1
1579.4
1579.7
1580
1580.4
1580.7
1581
1581.3
1581.6
1582
1582.3
1582.6
1582.9
1583.2
1583.6
1583.9
1584.2
1584.5
1584.8
1585.2
1585.5
1585.8
1586.1
1586.4
1586.8
1587.1
1587.4
1587.7
1588
1588.4
1588.7
1589
1589.3
1589.6
1590
1590.3
1590.6
1590.9
1591.2
1591.6
1591.9
1592.2
1592.5
1592.8
1593.2
1593.5
1593.8
1594.1
1594.4
1594.8
1595.1
1595.4
1595.7
1596
1596.4
1596.7
1597
1597.3
1597.6
1598
1598.3
1598.6
1598.9
1599.2
1599.6
1599.9
1600.2
1600.5
1600.8
1601.2
1601.5
1601.8
1602.1
1602.4
1602.8
1603.1
1603.4
1603.7
1604
1604.4
1604.7
1605
1605.3
1605.6
1606
1606.3
1606.6
1606.9
1607.2
1607.6
1607.9
1608.2
1608.5
1608.8
1609.2
1609.5
1609.8
1610.1
1610.4
1610.8
1611.1
1611.4
1611.7
1612
1612.4
1612.7
1613
1613.3
1613.6
1614
1614.3
1614.6
1614.9
1615.2
1615.6
1615.9
1616.2
1616.5
1616.8
1617.2
1617.5
1617.8
1618.1
1620.9
1620.9
1621
1621.1
1621.1
1621.3
1621.6
1622
1622.3
1622.6
1622.9
1623.2
1623.6
1623.9
1624.2
1624.5
1624.8
1625.2
1625.5
1625.8
1626.1
1626.4
1626.8
1627.1
1627.4
1627.7
1628
1628.4
1628.7
1629
1629.3
1629.6
1630
1630.3
1630.6
1630.9
1631.2
1631.6
1631.9
1632.2
1632.5
1632.8
1633.2
1633.5
1633.8
1634.1
1634.4
1634.8
1635.1
1635.4
1635.7
1636
1636.4
1636.7
1637
1637.3
1637.6
1638
1638.3
1638.6
1638.9
1639.2
1639.6
1639.9
1640.2
1640.5
1640.8
1641.2
1642.7
1644.1
1645.5
1646.4
1647.8
1649.1
1650.4
1651.7
1652.8
1654
1655.1
1656.4
1657.6
1658.5
1659.6
1660.8
1662.1
1663.6
1664.8
1666.1
1667.4
1668.7
1669.6
1670.8
1671.9
1673.4
1674.4
1675.7
1677.5
1678.8
1680.3
1681.7
1683.1
1684.6
1685.6
1686.8
1687.9
1689.1
1690.7
1692.2
1694
1695.4
1697.2
1699.1
1700.5
1702
1702.8
1704
1705.2
1707
1708.3
1710.1
1712
1714
1715.7
1717.6
1719.7
1721.2
1722.5
1724
1725.8
1727.3
1728.9
1730.7
1732.5
1733.9
1735.8
1737.2
1738.8
1740.2
1742
1743.5
1745.2
1747
1748.9
1751.1
1753.2
1754.6
1756.4
1757.8
1759.1
1760.6
1762.5
1763.8
1765.2
1766.7
1767.9
1769.3
1770.5
1771.3
1771.4
1771.5
1771.5
1771.6
1771.6
1771.7
1771.8
1771.8
1771.9
1772
1772
1772.1
1772.1
1772.2
1772.3
1772.3
1772.4
1772.5
1772.5
1772.6
1772.6
1772.7
1772.8
1772.8
1772.9
1772.9
1773
1773.1
1773.1
1773.2
1773.2
1773.3
1773.4
1773.4
1773.5
1773.6
1773.6
1773.7
1773.7
1773.8
1773.9
1773.9
1774
1774
1774.1
1774.2
1774.2
1774.3
1774.4
1774.4
1774.5
1774.6
1774.6
1774.7
1774.7
1774.8
1774.9
1774.9
1775
1775.1
1775.1
1775.2
1775.3
1775.3
1775.4
1775.4
1775.5
1775.6
1775.6
1775.7
1775.8
1775.8
1775.9
1775.9
1776
1776.1
1776.1
1776.2
1776.2
1776.3
1776.4
1776.4
1776.5
1776.6
1776.7
1776.7
1776.8
1776.9
1776.9
1777
1777
1777.1
1777.2
1777.2
1777.3
1777.4
1777.4
1777.5
1777.5
1777.6
1777.7
1777.8
1777.8
1778
1778
1778.1
1778.2
1778.2
1778.3
1778.4
1778.4
1778.5
1778.5
1778.6
1778.7
1778.7
1778.8
1778.9
1778.9
1779
1779.1
1779.1
1779.2
1779.3
1779.3
1779.4
1779.5
1779.7
1780
1780.4
1780.7
1781
1781.3
1781.6
1782
1782.3
1782.6
1782.9
1783.2
1783.6
1783.9
1784.2
1784.5
1784.8
1785.2
1785.5
1785.8
1786.1
1786.4
1786.8
1787.1
1787.4
1787.7
1788
1788.4
1788.7
1789
1789.3
1789.6
1790
1790.3
1790.6
1790.9
1791.2
1791.6
1791.9
1792.2
1792.5
1792.8
1793.2
1793.5
1793.8
1794.1
1794.4
1794.8
1795.1
1795.4
1795.7
1796
1796.4
1796.7
1797
1797.3
1797.6
1798
1798.3
1798.6
1798.9
1799.2
1799.6
1799.9
1800.2
1800.5
1800.8
1801.2
1801.5
1801.8
1802.1
1802.4
1802.8
1803.1
1803.4
1803.7
1804
1804.4
1804.7
1805
1805.3
1805.6
1806
1806.3
1806.6
1806.9
1807.2
1807.6
1807.9
1808.2
1808.5
1808.8
1809.2
1809.5
1809.8
1810.1
1810.4
1810.8
1811.1
1811.4
1811.7
1812
1812.4
1812.7
1813
1813.3
1813.6
1814
1814.3
1814.6
1814.9
1815.2
1815.6
1815.9
1816.2
1816.5
1816.8
1817.2
1817.5
1817.8
1818.1
1818.4
1818.8
1819.1
1819.4
1819.7
1820
1820.4
1820.7
1821
1821.3
1821.6
1822
1822.3
1822.6
1822.9
1823.2
1823.6
1823.9
1824.2
1824.5
1824.8
1825.2
1825.5
1825.8
1826.1
1826.4
1826.8
1827.1
1827.4
1827.7
1828
1828.4
1828.7
1829
1829.3
1829.6
1830
1830.3
1830.6
1830.9
1831.2
1831.6
1831.9
1832.2
1832.5
1832.8
1833.2
1833.5
1833.8
1834.1
1834.4
1834.8
1835.1
1835.4
1835.7
1836
1836.4
1836.7
1837
1837.3
1837.6
1838
1838.3
1838.6
1838.9
1839.2
1839.6
1839.9
1840.2
1840.5
1840.8
1841.2
1841.5
1841.8
1842.1
1842.4
1842.8
1843.1
1843.4
1843.7
1844
1844.4
1844.7
1845
1845.3
1845.6
1846
1846.3
1846.6
1846.9
1847.2
1847.6
1847.9
1848.2
1848.5
1848.8
1849.2
1849.5
1849.8
1850.1
1850.4
1850.8
1851.1
1851.4
1851.7
1852
1852.4
1852.7
1853
1853.3
1853.6
1854
1854.3
1854.6
1854.9
1855.2
1855.6
1855.9
1856.2
1856.5
1856.8
1857.2
1857.5
1857.8
1858.1
1858.4
1858.8
1859.1
1859.4
1859.7
1860
1860.4
1860.7
1861
1861.3
1861.6
1862
1862.3
1862.6
1862.9
1863.2
1863.6
1863.9
1864.2
1864.5
1864.8
1865.2
1865.5
1865.8
1866.1
1866.4
1866.8
1867.1
1867.4
1867.7
1868
1868.4
1868.7
1869
1869.3
1869.6
1870
1870.3
1870.6
1870.9
1871.2
1871.6
1871.9
1872.2
1872.5
1872.8
1873.2
1873.5
1873.8
1874.1
1874.4
1874.8
1875.1
1875.4
1875.7
1876
1876.4
1876.7
1877
1877.3
1877.6
1878
1878.3
1878.6
1878.9
1879.2
1879.6
1879.9
1880.2
1880.5
1880.8
1881.2
1881.5
1881.8
1882.1
1882.4
1882.8
1883.1
1883.4
1883.7
1884
1884.4
1884.7
1885
1885.3
1885.6
1886
1886.3
1886.6
1886.9
1887.2
1887.6
1887.9
1888.2
1888.5
1888.8
1889.2
1889.5
1889.8
1890.1
1890.4
1890.8
1891.1
1891.4
1891.7
1892
1892.4
1892.7
1893
1893.3
1893.6
1894
1894.3
1894.6
1894.9
1895.2
1895.6
1895.9
1896.2
1896.5
1896.8
1897.2
1897.5
1897.8
1898.1
1898.4
1898.8
1899.1
1899.4
1899.7
1900
1900.4
1900.7
1901
1901.3
1901.6
1902
1902.3
1902.6
1902.9
1903.2
1903.6
1903.9
1904.2
1904.5
1904.8
1905.2
1905.5
1905.8
1906.1
1906.4
1906.8
1907.1
1907.4
1907.7
1908
1908.4
1908.7
1909
1909.3
1909.6
1910
1910.3
1910.6
1910.9
1911.2
1911.6
1911.9
1912.2
1912.5
1912.8
1913.2
1913.5
1913.8
1914.1
1914.4
1914.8
1915.1
1915.4
1915.7
1916
1916.4
1916.7
1917
1917.3
1917.6
1918
1918.3
1918.6
1918.9
1919.2
1919.6
1919.9
1920.2
1920.5
1920.8
1921.2
1921.5
1921.8
1922.1
1922.4
1922.8
1923.1
1923.4
1923.7
1924
1924.4
1924.7
1925
1925.3
1925.6
1926
1926.3
1926.6
1926.9
1927.2
1927.6
1927.9
1928.2
1928.5
1928.8
1929.2
1929.5
1929.8
1930.1
1930.4
1930.8
1931.1
1931.4
1931.7
1932
1932.4
1932.7
1933
1933.3
1933.6
1934
1934.3
1934.6
1934.9
1935.2
1935.6
1935.9
1936.2
1936.5
1936.8
1937.2
1937.5
1937.8
1938.1
1938.4
1938.8
1939.1
1939.4
1939.7
1940
1940.4
1940.7
1941
1941.3
1941.6
1942
1942.3
1942.6
1942.9
1943.2
1943.6
1943.9
1944.2
1944.5
1944.8
1945.2
1945.5
1945.8
1946.1
1946.4
1946.8
1947.1
1947.4
1947.7
1948
1948.4
1948.7
1949
1949.3
1949.6
1950
1950.3
1950.6
1950.9
1951.2
1951.6
1951.9
1952.2
1952.5
1952.8
1953.2
1953.5
1953.8
1954.1
1954.4
1954.8
1955.1
1955.4
1955.7
1956
1956.4
1956.7
1957
1957.3
1957.6
1958
1958.3
1958.6
1958.9
1959.2
1959.6
1959.9
1960.2
1960.5
1960.8
1961.2
1961.5
1961.8
1962.1
1962.4
1962.8
1963.1
1963.4
1963.7
1964
1964.4
1964.7
1965
1965.3
1965.6
1966
1966.3
1966.6
1966.9
1967.2
1967.6
1967.9
1968.2
1968.5
1968.8
1969.2
1969.5
1969.8
1970.1
1970.4
1970.8
1971.1
1971.4
1971.7
1972
1972.4
1972.7
1973
1973.3
1973.6
1974
1974.3
1974.6
1974.9
1975.2
1975.6
1975.9
1976.2
1976.5
1976.8
1977.2
1977.5
1977.8
1978.1
1978.4
1978.8
1979.1
1979.4
1979.7
1980
1980.4
1980.7
1981
1981.3
1981.6
1982
1982.3
1982.6
1982.9
1983.2
1983.6
1983.9
1984.2
1984.5
1984.8
1985.2
1985.5
1985.8
1986.1
1986.4
1986.8
1987.1
1987.4
1987.7
1988
1988.4
1988.7
1989
1989.3
1989.6
1990
1990.3
1990.6
1990.9
1991.2
1991.6
1991.9
1992.2
1992.5
1992.8
1993.2
1993.5
1993.8
1994.1
1994.4
1994.8
1995.1
1995.4
1995.7
1996
1996.4
1996.7
1997
1997.3
1997.6
1998
1998.3
1998.6
1998.9
1999.2
1999.6
1999.9
2000.2
2000.5
2000.8
2001.2
2001.5
2001.8
2002.1
2002.4
2002.8
2003.1
2003.4
2003.7
2004
2004.4
2004.7
2005
2005.3
2005.6
2006
2006.3
2006.6
2006.9
2007.2
2007.6
2007.9
2008.2
2008.5
2008.8
2009.2
2009.5
2009.8
2010.1
2010.4
2010.8
2011.1
2011.4
2011.7
2012
2012.4
2012.7
2013
2013.3
2013.6
2014
2014.3
2014.6
2014.9
2015.2
2015.6
2015.9
2016.2
2016.5
2016.8
2017.2
2017.5
2017.8
2018.1
2018.4
2018.8
2019.1
2019.4
2019.7
2020
2020.4
2020.7
2021
2021.3
2021.6
2022
2022.3
2022.6
2022.9
2023.2
2023.6
2023.9
2024.2
2024.5
2024.8
2025.2
2025.5
2025.8
2026.1
2026.4
2026.8
2027.1
2027.4
2027.7
2028
2028.4
2028.7
2029
2029.3
2029.6
2030
2030.3
2030.6
2030.9
2031.2
2031.6
2031.9
2032.2
2032.5
2032.8
2033.2
2033.5
2033.8
2034.1
2034.4
2034.8
2035.1
2035.4
2035.7
2036
2036.4
2036.7
2037
2037.3
2037.6
2038
2038.3
2038.6
2038.9
2039.2
2039.6
2039.9
2040.2
2040.5
2040.8
2041.2
2041.5
2041.8
2042.1
2042.4
2042.8
2043.1
2043.4
2043.7
2044
2044.4
2044.7
2045
2045.3
2045.6
2046
2046.3
2046.6
2046.9
2047.2
2047.6
2047.9
2048.2
2048.5
2048.8
2049.2
2049.5
2049.8
2050.1
2050.4
2050.8
2051.1
2051.4
2051.7
2052
2052.4
2052.7
2053
2053.3
2053.6
2054
2054.3
2054.6
2054.9
2055.2
2055.6
2055.9
2056.2
2056.5
2056.8
2057.2
2057.5
2057.8
2058.1
2058.4
2058.8
2059.1
2059.4
2059.7
2060
2060.4
2060.7
2061
2061.3
2061.6
2062
2062.3
2062.6
2062.9
2063.2
2063.6
2063.9
2064.2
2064.5
2064.8
2065.2
2065.5
2065.8
2066.1
2066.4
2066.8
2067.1
2067.4
2067.7
2068
2068.4
2068.7
2069
2069.3
2069.6
2070
2070.3
2070.6
2070.9
2071.2
2071.6
2071.9
2072.2
2072.5
2072.8
2073.2
2073.5
2073.8
2074.1
2074.4
2074.8
2075.1
2075.4
2075.7
2076
2076.4
2076.7
2077
2077.3
2077.6
2078
2078.3
2078.6
2078.9
2079.2
2079.6
2079.9
2080.2
2080.5
2080.8
2081.2
2081.5
2081.8
2082.1
2082.4
2082.8
2083.1
2083.4
2083.7
2084
2084.4
2084.7
2085
2085.3
2085.6
2086
2086.3
2086.6
2086.9
2087.2
2087.6
2087.9
2088.2
2088.5
2088.8
2089.2
2089.5
2089.8
2090.1
2090.4
2090.8
2091.1
2091.4
2091.7
2092
2092.4
2092.7
2093
2093.3
2093.6
2094
2094.3
2094.6
2094.9
2095.2
2095.6
2095.9
2096.2
2096.5
2096.8
2097.2
2097.5
2097.8
2098.1
2098.4
2098.8
2099.1
2099.4
2099.7
2100
2100.4
2100.7
2101
2101.3
2101.6
2102
2102.3
2102.6
2102.9
2103.2
2103.6
2103.9
2104.2
2104.5
2104.8
2105.2
2105.5
2105.8
2106.1
2106.4
2106.8
2107.1
2107.4
2107.7
2108
2108.4
2108.7
2109
2109.3
2109.6
2110
2110.3
2110.6
2110.9
2111.2
2111.6
2111.9
2112.2
2112.5
2112.8
2113.2
2113.5
2113.8
2114.1
2114.4
2114.8
2115.1
2115.4
2115.7
2116
2116.4
2116.7
2117
2117.3
2117.6
2118
2118.3
2118.6
2118.9
2119.2
2119.6
2119.9
2120.2
2120.5
2120.8
2121.2
2121.5
2121.8
2122.1
2122.4
2122.8
2123.1
2123.4
2123.7
2124
2124.4
2124.7
2125
2125.3
2125.6
2126
2126.3
2126.6
2126.9
2127.2
2127.6
2127.9
2128.2
2128.5
2128.8
2129.2
2129.5
2129.8
2130.1
2130.4
2130.8
2131.1
2131.4
2131.7
2132
2132.4
2132.7
2133
2133.3
2133.6
2134
2134.3
2134.6
2134.9
2135.2
2135.6
2135.9
2136.2
2136.5
2136.8
2137.2
2137.5
2137.8
2138.1
2138.4
2138.8
2139.1
2139.4
2139.7
2140
2140.4
2140.7
2141
2141.3
2141.6
2142
2142.3
2142.6
2142.9
2143.2
2143.6
2143.9
2144.2
2144.5
2144.8
2145.2
2145.5
2145.8
2146.1
2146.4
2146.8
2147.1
2147.4
2147.7
2148
2148.4
2148.7
2149
2149.3
2149.6
2150
2150.3
2150.6
2150.9
2151.2
2151.6
2151.9
2152.2
2152.5
2152.8
2153.2
2153.5
2153.8
2154.1
2154.4
2154.8
2155.1
2155.4
2155.7
2156
2156.4
2156.7
2157
2157.3
2157.6
2158
2158.3
2158.6
2158.9
2159.2
2159.6
2159.9
2160.2
2160.5
2160.8
2161.2
2161.5
2161.8
2162.1
2162.4
2162.8
2163.1
2163.4
2163.7
2164
2164.4
2164.7
2165
2165.3
2165.6
2166
2166.3
2166.6
2166.9
2167.2
2167.6
2167.9
2168.2
2168.5
2168.8
2169.2
2169.5
2169.8
2170.1
2170.4
2170.8
2171.1
2171.4
2171.7
2172
2172.4
2172.7
2173
2173.3
2173.6
2174
2174.3
2174.6
2174.9
2175.2
2175.6
2175.9
2176.2
2176.5
2176.8
2177.2
2177.5
2177.8
2178.1
2178.4
2178.8
2179.1
2179.4
2179.7
2180
2180.4
2180.7
2181
2181.3
2181.6
2182
2182.3
2182.6
2182.9
2183.2
2183.6
2183.9
2184.2
2184.5
2184.8
2185.2
2185.5
2185.8
2186.1
2186.4
2186.8
2187.1
2187.4
2187.7
2188
2188.4
2188.7
2189
2189.3
2189.6
2190
2190.3
2190.6
2190.9
2191.2
2191.6
2191.9
2192.2
2192.5
2192.8
2193.2
2193.5
2193.8
2194.1
2194.4
2194.8
2195.1
2195.4
2195.7
2196
2196.4
2196.7
2197
2197.3
2197.6
2198
2198.3
2198.6
2198.9
2199.2
2199.6
2199.9
2200.2
2200.5
2200.8
2201.2
2201.5
2201.8
2202.1
2202.4
2202.8
2203.1
2203.4
2203.7
2204
2204.4
2204.7
2205
2205.3
2205.6
2206
2206.3
2206.6
2206.9
2207.2
2207.6
2207.9
2208.2
2208.5
2208.8
2209.2
2209.5
2209.8
2210.1
2210.4
2210.8
2211.1
2211.4
2211.7
2212
2212.4
2212.7
2213
2213.3
2213.6
2214
2214.3
2214.6
2214.9
2215.2
2215.6
2215.9
2216.2
2216.5
2216.8
2217.2
2217.5
2217.8
2218.1
2218.4
2218.8
2219.1
2219.4
2219.7
2220
2220.4
2220.7
2221
2221.3
2221.6
2222
2222.3
2222.6
2222.9
2223.2
2223.6
2223.9
2224.2
2224.5
2224.8
2225.2
2225.5
2225.8
2226.1
2226.4
2226.8
2227.1
2227.4
2227.7
2228
2228.4
2228.7
2229
2229.3
2229.6
2230
2230.3
2230.6
2230.9
2231.2
2231.6
2231.9
2232.2
2232.5
2232.8
2233.2
2233.5
2233.8
2234.1
2234.4
2234.8
2235.1
2235.4
2235.7
2236
2236.4
2236.7
2237
2237.3
2237.6
2238
2238.3
2238.6
2238.9
2239.2
2239.6
2239.9
2240.2
2240.5
2240.8
2241.2
2241.5
2241.8
2242.1
2242.4
2242.8
2243.1
2243.4
2243.7
2244
2244.4
2244.7
2245
2245.3
2245.6
2246
2246.3
2246.6
2246.9
2247.2
2247.6
2247.9
2248.2
2248.5
2248.8
2249.2
2249.5
2249.8
2250.1
2250.4
2250.8
2251.1
2251.4
2251.7
2252
2252.4
2252.7
2253
2253.3
2253.6
2254
2254.3
2254.6
2254.9
2255.2
2255.6
2255.9
2256.2
2256.5
2256.8
2257.2
2257.5
2257.8
2258.1
2258.4
2258.8
2259.1
2259.4
2259.7
2260
2260.4
2260.7
2261
2261.3
2261.6
2262
2262.3
2262.6
2262.9
2263.2
2263.6
2263.9
2264.2
2264.5
2264.8
2265.2
2265.5
2265.8
2266.1
2266.4
2266.8
2267.1
2267.4
2267.7
2268
2268.4
2268.7
2269
2269.3
2269.6
2270
2270.3
2270.6
2270.9
2271.2
2271.6
2271.9
2272.2
2272.5
2272.8
2273.2
2273.5
2273.8
2274.1
2274.4
2274.8
2275.1
2275.4
2275.7
2276
2276.4
2276.7
2277
2277.3
2277.6
2278
2278.3
2278.6
2278.9
2279.2
2279.6
2279.9
2280.2
2280.5
2280.8
2281.2
2281.5
2281.8
2282.1
2282.4
2282.8
2283.1
2283.4
2283.7
2284
2284.4
2284.7
2285
2285.3
2285.6
2286
2286.3
2286.6
2286.9
2287.2
2287.6
2287.9
2288.2
2288.5
2288.8
2289.2
2289.5
2289.8
2290.1
2290.4
2290.8
2291.1
2291.4
2291.7
2292
2292.4
2292.7
2293
2293.3
2293.6
2294
2294.3
2294.6
2294.9
2295.2
2295.6
2295.9
2296.2
2296.5
2296.8
2297.2
2297.5
2297.8
2298.1
2298.4
2298.8
2299.1
2299.4
2299.7
2300
2300.4
2300.7
2301
2301.3
2301.6
2302
2302.3
2302.6
2302.9
2303.2
2303.6
2303.9
2304.2
2304.5
2304.8
2305.2
2305.5
2305.8
2306.1
2306.4
2306.8
2307.1
2307.4
2307.7
2308
2308.4
2308.7
2309
2309.3
2309.6
2310
2310.3
2310.6
2310.9
2311.2
2311.6
2311.9
2312.2
2312.5
2312.8
2313.2
2313.5
2313.8
2314.1
2314.4
2314.8
2315.1
2315.4
2315.7
2316
2316.4
2316.7
2317
2317.3
2317.6
2318
2318.3
2318.6
2318.9
2319.2
2319.6
2319.9
2320.2
2320.5
2320.8
2321.2
2321.5
2321.8
2322.1
2322.4
2322.8
2323.1
2323.4
2323.7
2324
2324.4
2324.7
2325
2325.3
2325.6
2326
2326.3
2326.6
2326.9
2327.2
2327.6
2327.9
2328.2
2328.5
2328.8
2329.2
2329.5
2329.8
2330.1
2330.4
2330.8
2331.1
2331.4
2331.7
2332
2332.4
2332.7
2333
2333.3
2333.6
2334
2334.3
2334.6
2334.9
2335.2
2335.6
2335.9
2336.2
2336.5
2336.8
2337.2
2337.5
2337.8
2338.1
2338.4
2338.8
2339.1
2339.4
2339.7
2340
2340.4
2340.7
2341
2341.3
2341.6
2342
2342.3
2342.6
2342.9
2343.2
2343.6
2343.9
2344.2
2344.5
2344.8
2345.2
2345.5
2345.8
2346.1
2346.4
2346.8
2347.1
2347.4
2347.7
2348
2348.4
2348.7
2349
2349.3
2349.6
2350
2350.3
2350.6
2350.9
2351.2
2351.6
2351.9
2352.2
2352.5
2352.8
2353.2
2353.5
2353.8
2354.1
2354.4
2354.8
2355.1
2355.4
2355.7
2356
2356.4
2356.7
2357
2357.3
2357.6
2358
2358.3
2358.6
2358.9
2359.2
2359.6
2359.9
2360.2
2360.5
2360.8
2361.2
2361.5
2361.8
2362.1
2362.4
2362.8
2363.1
2363.4
2363.7
2364
2364.4
2364.7
2365
2365.3
2365.6
2366
2366.3
2366.6
2366.9
2367.2
2367.6
2367.9
2368.2
2368.5
2368.8
2369.2
2369.5
2369.8
2370.1
2370.4
2370.8
2371.1
2371.4
2371.7
2372
2372.4
2372.7
2373
2373.3
2373.6
2374
2374.3
2374.6
2374.9
2375.2
2375.6
2375.9
2376.2
2376.5
2376.8
2377.2
2377.5
2377.8
2378.1
2378.4
2378.8
2379.1
2379.4
2379.7
2380
2380.4
2380.7
2381
2381.3
2381.6
2382
2382.3
2382.6
2382.9
2383.2
2383.6
2383.9
2384.2
2384.5
2384.8
2385.2
2385.5
2385.8
2386.1
2386.4
2386.8
2387.1
2387.4
2387.7
2388
2388.4
2388.7
2389
2389.3
2389.6
2390
2390.3
2390.6
2390.9
2391.2
2391.6
2391.9
2392.2
2392.5
2392.8
2393.2
2393.5
2393.8
2394.1
2394.4
2394.8
2395.1
2395.4
2395.7
2396
2396.4
2396.7
2397
2397.3
2397.6
2398
2398.3
2398.6
2398.9
2399.2
2399.6
2399.9
2400.2
2400.5
2400.8
2401.2
2401.5
2401.8
2402.1
2402.4
2402.8
2403.1
2403.4
2403.7
2404
2404.4
2404.7
2405
2405.3
2405.6
2406
2406.3
2406.6
2406.9
2407.2
2407.6
2407.9
2408.2
2408.5
2408.8
2409.2
2409.5
2409.8
2410.1
2410.4
2410.8
2411.1
2411.4
2411.7
2412
2412.4
2412.7
2413
2413.3
2413.6
2414
2414.3
2414.6
2414.9
2415.2
2415.6
2415.9
2416.2
2416.5
2416.8
2417.2
2417.5
2417.8
2418.1
2418.4
2418.8
2419.1
2419.4
2419.7
2420
2420.4
2420.7
2421
2421.3
2421.6
2422
2422.3
2422.6
2422.9
2423.2
2423.6
2423.9
2424.2
2424.5
2424.8
2425.2
2425.5
2425.8
2426.1
2426.4
2426.8
2427.1
2427.4
2427.7
2428
2428.4
2428.7
2429
2429.3
2429.6
2430
2430.3
2430.6
2430.9
2431.2
2431.6
2431.9
2432.2
2432.5
2432.8
2433.2
2433.5
2433.8
2434.1
2434.4
2434.8
2435.1
2435.4
2435.7
2436
2436.4
2436.7
2437
2437.3
2437.6
2438
2438.3
2438.6
2438.9
2439.2
2439.6
2439.9
2440.2
2440.5
2440.8
2441.2
2441.5
2441.8
2442.1
2442.4
2442.8
2443.1
2443.4
2443.7
2444
2444.4
2444.7
2445
2445.3
2445.6
2446
2446.3
2446.6
2446.9
2447.2
2447.6
2447.9
2448.2
2448.5
2448.8
2449.2
2449.5
2449.8
2450.1
2450.4
2450.8
2451.1
2451.4
2451.7
2452
2452.4
2452.7
2453
2453.3
2453.6
2454
2454.3
2454.6
2454.9
2455.2
2455.6
2455.9
2456.2
2456.5
2456.8
2457.2
2457.5
2457.8
2458.1
2458.4
2458.8
2459.1
2459.4
2459.7
2460
2460.4
2460.7
2461
2461.3
2461.6
2462
2462.3
2462.6
2462.9
2463.2
2463.6
2463.9
2464.2
2464.5
2464.8
2465.2
2465.5
2465.8
2466.1
2466.4
2466.8
2467.1
2467.4
2467.7
2468
2468.4
2468.7
2469
2469.3
2469.6
2470
2470.3
2470.6
2470.9
2471.2
2471.6
2471.9
2472.2
2472.5
2472.8
2473.2
2473.5
2473.8
2474.1
2474.4
2474.8
2475.1
2475.4
2475.7
2476
2476.4
2476.7
2477
2477.3
2477.6
2478
2478.3
2478.6
2478.9
2479.2
2479.6
2479.9
2480.2
2480.5
2480.8
2481.2
2481.5
2481.8
2482.1
2482.4
2482.8
2483.1
2483.4
2483.7
2484
2484.4
2484.7
2485
2485.3
2485.6
2486
2486.3
2486.6
2486.9
2487.2
2487.6
2487.9
2488.2
2488.5
2488.8
2489.2
2489.5
2489.8
2490.1
2490.4
2490.8
2491.1
2491.4
2491.7
2492
2492.4
2492.7
2493
2493.3
2493.6
2494
2494.3
2494.6
2494.9
2495.2
2495.6
2495.9
2496.2
2496.5
2496.8
2497.2
2497.5
2497.8
2498.1
2498.4
2498.8
2499.1
2499.4
2499.7
2500
2500.4
2500.7
2501
2501.3
2501.6
2502
2502.3
2502.6
2502.9
2503.2
2503.6
2503.9
2504.2
2504.5
2504.8
2505.2
2505.5
2505.8
2506.1
2506.4
2506.8
2507.1
2507.4
2507.7
2508
2508.4
2508.7
2509
2509.3
2509.6
2510
2510.3
2510.6
2510.9
2511.2
2511.6
2511.9
2512.2
2512.5
2512.8
2513.2
2513.5
2513.8
2514.1
2514.4
2514.8
2515.1
2515.4
2515.7
2516
2516.4
2516.7
2517
2517.3
2517.6
2518
2518.3
2518.6
2518.9
2519.2
2519.6
2519.9
2520.2
2520.5
2520.8
2521.2
2521.5
2521.8
2522.1
2522.4
2522.8
2523.1
2523.4
2523.7
2524
2524.4
2524.7
2525
2525.3
2525.6
2526
2526.3
2526.6
2526.9
2527.2
2527.6
2527.9
2528.2
2528.5
2528.8
2529.2
2529.5
2529.8
2530.1
2530.4
2530.8
2531.1
2531.4
2531.7
2532
2532.4
2532.7
2533
2533.3
2533.6
2534
2534.3
2534.6
2534.9
2535.2
2535.6
2535.9
2536.2
2536.5
2536.8
2537.2
2537.5
2537.8
2538.1
2538.4
2538.8
2539.1
2539.4
2539.7
2540
2540.4
2540.7
2541
2541.3
2541.6
2542
2542.3
2542.6
2542.9
2543.2
2543.6
2543.9
2544.2
2544.5
2544.8
2545.2
2545.5
2545.8
2546.1
2546.4
2546.8
2547.1
2547.4
2547.7
2548
2548.4
2548.7
2549
2549.3
2549.6
2550
2550.3
2550.6
2550.9
2551.2
2551.6
2551.9
2552.2
2552.5
2552.8
2553.2
2553.5
2553.8
2554.1
2554.4
2554.8
2555.1
2555.4
2555.7
2556
2556.4
2556.7
2557
2557.3
2557.6
2558
2558.3
2558.6
2558.9
2559.2
2559.6
2559.9
2560.2
2560.5
2560.8
2561.2
2561.5
2561.8
2562.1
2562.4
2562.8
2563.1
2563.4
2563.7
2564
2564.4
2564.7
2565
2565.3
2565.6
2566
2566.3
2566.6
2566.9
2567.2
2567.6
2567.9
2568.2
2568.5
2568.8
2569.2
2569.5
2569.8
2570.1
2570.4
2570.8
2571.1
2571.4
2571.7
2572
2572.4
2572.7
2573
2573.3
2573.6
2574
2574.3
2574.6
2574.9
2575.2
2575.6
2575.9
2576.2
2576.5
2576.8
2577.2
2577.5
2577.8
2578.1
2578.4
2578.8
2579.1
2579.4
2579.7
2580
2580.4
2580.7
2581
2581.3
2581.6
2582
2582.3
2582.6
2582.9
2583.2
2583.6
2583.9
2584.2
2584.5
2584.8
2585.2
2585.5
2585.8
2586.1
2586.4
2586.8
2587.1
2587.4
2587.7
2588
2588.4
2588.7
2589
2589.3
2589.6
2590
2590.3
2590.6
2590.9
2591.2
2591.6
2591.9
2592.2
2592.5
2592.8
2593.2
2593.5
2593.8
2594.1
2594.4
2594.8
2595.1
2595.4
2595.7
2596
2596.4
2596.7
2597
2597.3
2597.6
2598
2598.3
2598.6
2598.9
2599.2
2599.6
2599.9
2600.2
2600.5
2600.8
2601.2
2601.5
2601.8
2602.1
2602.4
2602.8
2603.1
2603.4
2603.7
2604
2604.4
2604.7
2605
2605.3
2605.6
2606
2606.3
2606.6
2606.9
2607.2
2607.6
2607.9
2608.2
2608.5
2608.8
2609.2
2609.5
2609.8
2610.1
2610.4
2610.8
2611.1
2611.4
2611.7
2612
2612.4
2612.7
2613
2613.3
2613.6
2614
2614.3
2614.6
2614.9
2615.2
2615.6
2615.9
2616.2
2616.5
2616.8
2617.2
2617.5
2617.8
2618.1
2618.4
2618.8
2619.1
2619.4
2619.7
2620
2620.4
2620.7
2621
2621.3
2621.6
2622
2622.3
2622.6
2622.9
2623.2
2623.6
2623.9
2624.2
2624.5
2624.8
2625.2
2625.5
2625.8
2626.1
2626.4
2626.8
2627.1
2627.4
2627.7
2628
2628.4
2628.7
2629
2629.3
2629.6
2630
2630.3
2630.6
2630.9
2631.2
2631.6
2631.9
2632.2
2632.5
2632.8
2633.2
2633.5
2633.8
2634.1
2634.4
2634.8
2635.1
2635.4
2635.7
2636
2636.4
2636.7
2637
2637.3
2637.6
2638
2638.3
2638.6
2638.9
2639.2
2639.6
2639.9
2640.2
2640.5
2640.8
2641.2
2641.5
2641.8
2642.1
2642.4
2642.8
2643.1
2643.4
2643.7
2644
2644.4
2644.7
2645
2645.3
2645.6
2646
2646.3
2646.6
2646.9
2647.2
2647.6
2647.9
2648.2
2648.5
2648.8
2649.2
2649.5
2649.8
2650.1
2650.4
2650.8
2651.1
2651.4
2651.7
2652
2652.4
2652.7
2653
2653.3
2653.6
2654
2654.3
2654.6
2654.9
2655.2
2655.6
2655.9
2656.2
2656.5
2656.8
2657.2
2657.5
2657.8
2658.1
2658.4
2658.8
2659.1
2659.4
2659.7
2660
2660.4
2660.7
2661
2661.3
2661.6
2662
2662.3
2662.6
2662.9
2663.2
2663.6
2663.9
2664.2
2664.5
2664.8
2665.2
2665.5
2665.8
2666.1
2666.4
2666.8
2667.1
2667.4
2667.7
2668
2668.4
2668.7
2669
2669.3
2669.6
2670
2670.3
2670.6
2670.9
2671.2
2671.6
2671.9
2672.2
2672.5
2672.8
2673.2
2673.5
2673.8
2674.1
2674.4
2674.8
2675.1
2675.4
2675.7
2676
2676.4
2676.7
2677
2677.3
2677.6
2678
2678.3
2678.6
2678.9
2679.2
2679.6
2679.9
2680.2
2680.5
2680.8
2681.2
2681.5
2681.8
2682.1
2682.4
2682.8
2683.1
2683.4
2683.7
2684
2684.4
2684.7
2685
2685.3
2685.6
2686
2686.3
2686.6
2686.9
2687.2
2687.6
2687.9
2688.2
2688.5
2688.8
2689.2
2689.5
2689.8
2690.1
2690.4
2690.8
2691.1
2691.4
2691.7
2692
2692.4
2692.7
2693
2693.3
2693.6
2694
2694.3
2694.6
2694.9
2695.2
2695.6
2695.9
2696.2
2696.5
2696.8
2697.2
2697.5
2697.8
2698.1
2698.4
2698.8
2699.1
2699.4
2699.7
2700
2700.4
2700.7
2701
2701.3
2701.6
2702
2702.3
2702.6
2702.9
2703.2
2703.6
2703.9
2704.2
2704.5
2704.8
2705.2
2705.5
2705.8
2706.1
2706.4
2706.8
2707.1
2707.4
2707.7
2708
2708.4
2708.7
2709
2709.3
2709.6
2710
2710.3
2710.6
2710.9
2711.2
2711.6
2711.9
2712.2
2712.5
2712.8
2713.2
2713.5
2713.8
2714.1
2714.4
2714.8
2715.1
2715.4
2715.7
2716
2716.4
2716.7
2717
2717.3
2717.6
2718
2718.3
2718.6
2718.9
2719.2
2719.6
2719.9
2720.2
2720.5
2720.8
2721.2
2721.5
2721.8
2722.1
2722.4
2722.8
2723.1
2723.4
2723.7
2724
2724.4
2724.7
2725
2725.3
2725.6
2726
2726.3
2726.6
2726.9
2727.2
2727.6
2727.9
2728.2
2728.5
2728.8
2729.2
2729.5
2729.8
2730.1
2730.4
2730.8
2731.1
2731.4
2731.7
2732
2732.4
2732.7
2733
2733.3
2733.6
2734
2734.3
2734.6
2734.9
2735.2
2735.6
2735.9
2736.2
2736.5
2736.8
2737.2
2737.5
2737.8
2738.1
2738.4
2738.8
2739.1
2739.4
2739.7
2740
2740.4
2740.7
2741
2741.3
2741.6
2742
2742.3
2742.6
2742.9
2743.2
2743.6
2743.9
2744.2
2744.5
2744.8
2745.2
2745.5
2745.8
2746.1
2746.4
2746.8
2747.1
2747.4
2747.7
2748
2748.4
2748.7
2749
2749.3
2749.6
2750
2750.3
2750.6
2750.9
2751.2
2751.6
2751.9
2752.2
2752.5
2752.8
2753.2
2753.5
2753.8
2754.1
2754.4
2754.8
2755.1
2755.4
2755.7
2756
2756.4
2756.7
2757
2757.3
2757.6
2758
2758.3
2758.6
2758.9
2759.2
2759.6
2759.9
2760.2
2760.5
2760.8
2761.2
2761.5
2761.8
2762.1
2762.4
2762.8
2763.1
2763.4
2763.7
2764
2764.4
2764.7
2765
2765.3
2765.6
2766
2766.3
2766.6
2766.9
2767.2
2767.6
2767.9
2768.2
2768.5
2768.8
2769.2
2769.5
2769.8
2770.1
2770.4
2770.8
2771.1
2771.4
2771.7
2772
2772.4
2772.7
2773
2773.3
2773.6
2774
2774.3
2774.6
2774.9
2775.2
2775.6
2775.9
2776.2
2776.5
2776.8
2777.2
2777.5
2777.8
2778.1
2778.4
2778.8
2779.1
2779.4
2779.7
2780
2780.4
2780.7
2781
2781.3
2781.6
2782
2782.3
2782.6
2782.9
2783.2
2783.6
2783.9
2784.2
2784.5
2784.8
2785.2
2785.5
2785.8
2786.1
2786.4
2786.8
2787.1
2787.4
2787.7
2788
2788.4
2788.7
2789
2789.3
2789.6
2790
2790.3
2790.6
2790.9
2791.2
2791.6
2791.9
2792.2
2792.5
2792.8
2793.2
2793.5
2793.8
2794.1
2794.4
2794.8
2795.1
2795.4
2795.7
2796
2796.4
2796.7
2797
2797.3
2797.6
2798
2798.3
2798.6
2798.9
2799.2
2799.6
2799.9
2800.2
2800.5
2800.8
2801.2
2801.5
2801.8
2802.1
2802.4
2802.8
2803.1
2803.4
2803.7
2804
2804.4
2804.7
2805
2805.3
2805.6
2806
2806.3
2806.6
2806.9
2807.2
2807.6
2807.9
2808.2
2808.5
2808.8
2809.2
2809.5
2809.8
2810.1
2810.4
2810.8
2811.1
2811.4
2811.7
2812
2812.4
2812.7
2813
2813.3
2813.6
2814
2814.3
2814.6
2814.9
2815.2
2815.6
2815.9
2816.2
2816.5
2816.8
2817.2
2817.5
2817.8
2818.1
2818.4
2818.8
2819.1
2819.4
2819.7
2820
2820.4
2820.7
2821
2821.3
2821.6
2822
2822.3
2822.6
2822.9
2823.2
2823.6
2823.9
2824.2
2824.5
2824.8
2825.2
2825.5
2825.8
2826.1
2826.4
2826.8
2827.1
2827.4
2827.7
2828
2828.4
2828.7
2829
2829.3
2829.6
2830
2830.3
2830.6
2830.9
2831.2
2831.6
2831.9
2832.2
2832.5
2832.8
2833.2
2833.5
2833.8
2834.1
2834.4
2834.8
2835.1
2835.4
2835.7
2836
2836.4
2836.7
2837
2837.3
2837.6
2838
2838.3
2838.6
2838.9
2839.2
2839.6
2839.9
2840.2
2840.5
2840.8
2841.2
2841.5
2841.8
2842.1
2842.4
2842.8
2843.1
2843.4
2843.7
2844
2844.4
2844.7
2845
2845.3
2845.6
2846
2846.3
2846.6
2846.9
2847.2
2847.6
2847.9
2848.2
2848.5
2848.8
2849.2
2849.5
2849.8
2850.1
2850.4
2850.8
2851.1
2851.4
2851.7
2852
2852.4
2852.7
2853
2853.3
2853.6
2854
2854.3
2854.6
2854.9
2855.2
2855.6
2855.9
2856.2
2856.5
2856.8
2857.6
2857.8
2858.1
2858.4
2858.8
2859.1
2859.4
2859.7
2860
2860.4
2860.7
2861
2861.3
2861.6
2862
2862.3
2862.6
2862.9
2863.2
2863.6
2863.9
2864.2
2864.5
2864.8
2865.2
2865.5
2865.8
2866.1
2866.4
2866.8
2867.1
2867.4
2867.7
2868
2868.4
2868.7
2869
2869.3
2869.6
2870
2870.3
2870.6
2870.9
2871.2
2871.6
2871.9
2872.2
2872.5
2872.8
2873.2
2873.5
2873.8
2874.1
2874.4
2874.8
2875.1
2875.4
2875.7
2876
2876.4
2876.7
2877
2877.3
2879
2880.7
2882
2883.7
2885
2886.2
2887.8
2889.3
2890.6
2892.4
2894.3
2895.9
2897.3
2899.3
2900.6
2902.2
2903.2
2904.4
2906
2907.5
2908.8
2910.2
2911.7
2913
2914.8
2915.9
2917.1
2918.7
2919.6
2920.5
2921.8
2923.4
2924.4
2925.9
2927.6
2929.1
2930.6
2932.4
2933.9
2935.5
2936.9
2938.3
2939.7
2941.2
2941.8
2943.2
2945.1
2946.4
2947.8
2949.3
2950.9
2953.2
2954.6
2956.2
2957.4
2958.9
2960.3
2962.4
2963.7
2965.2
2966.5
2967.9
2969.4
2971.3
2972.9
2974.1
2975.4
2976.7
2978.4
2979.4
2980.1
2981.8
2983.3
2984.1
2985.3
2986.8
2988.2
2989.5
2991.3
2993.1
2994.8
2996.3
2997.9
2999.5
3000.6
3002
3003.6
3005.2
3006.7
3007.6
3009.7
3011
3012.2
3013.8
3015.1
3016.8
3017.9
3019.3
3021.1
3022.7
3023.9
3025.4
3026.9
3028.1
3028.7
3029.1
3029.6
3030
3030.2
3030.3
3030.4
3030.8
3030.9
3031.3
3031.4
3031.5
3031.6
3031.7
3031.8
3032
3032.1
3032.2
3032.3
3032.4
3032.5
3032.6
3032.7
3032.8
3032.9
3033
3033.3
3033.4
3033.5
3033.6
3033.7
3033.8
3033.9
3034
3034.1
3034.3
3034.4
3034.5
3034.6
3034.8
3034.9
3035
3035.1
3035.3
3035.4
3035.5
3035.6
3035.7
3035.8
3035.9
3036.5
3036.6
3036.7
3036.8
3036.9
3037
3037.1
3037.2
3037.3
3037.4
3037.5
3037.6
3037.7
3037.8
3037.9
3038
3038.2
3038.3
3038.4
3038.5
3038.6
3038.7
3038.8
3039.1
3039.2
3039.3
3039.4
3039.5
3039.6
3039.7
3039.9
3040
3040.1
3040.2
3040.3
3040.4
3040.5
3040.6
3040.7
3040.8
3040.9
3041
3041.1
3041.2
3041.3
3041.7
3041.8
3041.9
3042
3042.1
3042.2
3042.3
3042.4
3042.5
3042.7
3042.8
3042.9
3043
3043.1
3043.2
3043.3
3043.4
3043.5
3043.6
3043.7
3043.8
3043.9
3044.1
3044.2
3044.3
3044.4
3044.5
3044.6
3045
3045.1
3045.2
3045.3
3045.4
3045.5
3045.6
3045.7
3045.8
3046
3046.1
3046.2
3046.3
3046.4
3046.5
3046.6
3046.7
3046.8
3046.9
3047
3047.2
3047.3
3047.4
3047.5
3047.6
3047.7
3047.8
3047.9
3048
3048.1
3048.2
3048.4
3048.5
3048.6
3048.7
3048.8
3048.9
3049
3049.1
3049.3
3049.4
3049.5
3049.6
3049.8
3050.1
3050.4
3050.8
3051.1
3051.4
3051.7
3052
3052.4
3052.7
3053
3053.3
3053.6
3054
3054.3
3054.6
3054.9
3055.2
3055.6
3055.9
3056.2
3056.5
3056.8
3057.2
3057.5
3057.8
3058.1
3058.4
3058.8
3059.1
3059.4
3059.7
3060
3060.4
3060.7
3061
3061.3
3061.6
3062
3062.3
3062.6
3062.9
3063.2
3063.6
3063.9
3064.2
3064.5
3064.8
3065.2
3065.5
3065.8
3066.1
3066.4
3066.8
3067.1
3067.4
3067.7
3068
3068.7
3069.4
3070.1
3070.7
3070.9
3071.2
3071.6
3071.9
3072.2
3072.5
3072.8
3073.2
3073.5
3073.8
3074.1
3074.4
3074.8
3075.2
3075.4
3075.7
3076
3076.4
3076.7
3078.2
3078.3
3078.4
3078.6
3078.9
3079.2
3079.6
3079.9
3080.2
3080.5
3080.8
3081.2
3081.5
3081.8
3082.1
3082.4
3082.8
3083.1
3083.4
3083.7
3084.1
3084.4
3084.7
3085
3085.3
3085.7
3086
3086.3
3086.6
3087
3087.2
3087.6
3087.9
3088.2
3088.5
3088.8
3089.2
3089.5
3089.8
3090.1
3090.4
3091.5
3091.6
3091.7
3092
3092.4
3092.7
3093
3093.3
3093.6
3094
3094.3
3094.6
3094.9
3095.2
3095.6
3095.9
3096.2
3096.5
3096.8
3097.2
3097.5
3097.8
3098.1
3098.4
3098.8
3099.1
3099.4
3099.7
3100
3100.6
3100.7
3101
3101.3
3101.6
3102
3102.3
3102.9
3103.2
3103.6
3103.9
3104.2
3104.5
3105.2
3105.5
3105.8
3106.1
3106.4
3106.8
3107.1
3107.4
3107.7
3108
3109
3109.1
3109.3
3109.6
3110
3110.3
3110.6
3111.2
3111.3
3111.6
3111.9
3112.2
3112.5
3112.8
3113.2
3113.5
3113.8
3114.1
3114.4
3114.8
3115.1
3115.4
3115.7
3116
3116.4
3116.7
3117
3117.3
3117.6
3118
3118.3
3118.6
3118.9
3119.2
3119.6
3119.9
3120.2
3120.5
3120.8
3121.2
3121.5
3121.8
3122.1
3122.4
3122.8
3123.1
3123.4
3123.7
3125.3
3125.5
3125.6
3125.7
3126
3126.3
3126.7
3126.9
3127.2
3127.8
3127.9
3128.2
3128.5
3128.8
3129.2
3129.5
3129.8
3130.1
3130.4
3130.8
3131.1
3131.4
3131.7
3132
3132.4
3132.7
3133
3133.3
3133.6
3134
3134.8
3135
3135.2
3135.6
3135.9
3136.2
3136.6
3136.8
3137.6
3137.8
3138.1
3138.4
3138.8
3139.1
3139.4
3139.7
3140
3140.4
3140.7
3141
3141.3
3141.6
3142
3142.3
3142.6
3142.9
3143.7
3143.9
3144.2
3144.5
3144.8
3145.2
3145.5
3145.8
3146.1
3146.4
3146.8
3147.1
3147.8
3148
3148.4
3148.7
3149
3149.3
3149.6
3150
3150.3
3150.6
3150.9
3151.2
3152
3152.2
3152.5
3152.8
3153.2
3153.5
3153.8
3154.3
3154.4
3154.8
3155.1
3155.4
3155.7
3156
3156.4
3156.7
3157
3157.3
3157.6
3158
3158.3
3158.6
3158.9
3159.6
3159.9
3160.2
3160.5
3160.8
3161.2
3161.5
3162
3162.1
3162.4
3162.8
3163.1
3163.4
3163.7
3164
3164.4
3164.7
3165
3165.3
3165.6
3166
3166.4
3166.6
3166.9
3167.2
3167.8
3167.9
3168.2
3168.5
3168.8
3169.2
3169.5
3169.8
3170.1
3170.4
3170.8
3171.1
3171.4
3171.8
3172
3172.7
3172.8
3173.1
3173.3
3173.6
3174
3174.3
3174.6
3174.9
3175.4
3175.6
3175.9
3176.2
3176.6
3176.8
3177.5
3177.8
3178.1
3178.4
3178.8
3179.1
3179.7
3179.8
3180
3180.4
3180.8
3181
3181.3
3181.6
3182
3182.3
3182.6
3182.9
3183.2
3183.6
3183.9
3184.2
3184.5
3184.8
3185.2
3185.5
3185.8
3186.1
3186.7
3186.8
3187.1
3187.4
3187.7
3188.1
3188.4
3188.7
3189.1
3189.3
3189.9
3190
3190.6
3191.1
3191.5
3191.6
3192.2
3192.3
3193.4
3195.3
3196.1
3197.7
3197.9
3198
3198.1
3198.2
3198.3
3198.4
3198.6
3198.9
3199.2
3199.6
3199.9
3200.2
3200.5
3200.8
3201.2
3201.5
3201.8
3202.1
3202.4
3202.8
3203.1
3203.4
3203.7
3204
3204.4
3204.7
3205
3205.3
3205.6
3206
3206.3
3206.6
3206.9
3207.2
3207.6
3207.9
3208.2
3208.5
3208.8
3209.2
3209.5
3209.8
3210.1
3210.4
3210.8
3211.1
3211.4
3211.7
3212
3212.4
3212.7
3213
3213.3
3213.6
3214
3214.3
3214.6
3214.9
3215.2
3215.6
3215.9
3216.2
3216.5
3216.8
3217.2
3217.5
3217.8
3218.1
3218.4
3218.8
3219.1
3219.4
3219.7
3220
3220.4
3220.7
3221
3221.3
3221.6
3222
3222.3
3222.6
3222.9
3223.2
3223.6
3223.9
3224.2
3224.5
3224.8
3225.2
3225.5
3225.8
3226.1
3226.4
3226.8
3227.1
3227.4
3227.7
3228
3228.4
3228.7
3229
3229.3
3229.6
3230
3230.3
3230.6
3230.9
3231.2
3231.6
3231.9
3232.2
3232.5
3232.8
3233.2
3233.5
3233.8
3234.1
3234.4
3234.8
3235.1
3235.4
3235.7
3236
3236.4
3236.7
3237
3237.3
3237.6
3238
3238.3
3238.6
3238.9
3239.2
3239.6
3239.9
3240.2
3240.5
3240.8
3241.2
3241.5
3241.8
3242.1
3242.4
3242.8
3243.1
3243.4
3243.7
3244
3244.4
3244.7
3245
3245.3
3245.6
3246
3246.3
3246.6
3246.9
3247.2
3247.6
3247.9
3248.2
3248.5
3248.8
3249.2
3249.5
3249.8
3250.1
3250.4
3250.8
3251.1
3251.4
3251.7
3252
3252.4
3252.7
3253
3253.3
3253.6
3254
3254.3
3254.6
3254.9
3255.2
3255.6
3255.9
3256.2
3256.5
3256.8
3257.2
3257.5
3257.8
3258.1
3258.4
3258.8
3259.1
3259.4
3259.7
3260
3260.4
3260.7
3261
3261.3
3261.6
3262
3262.3
3262.6
3262.9
3263.2
3263.6
3263.9
3264.2
3264.5
3264.8
3265.2
3265.5
3265.8
3266.1
3266.4
3266.8
3267.1
3267.4
3267.7
3268
3268.4
3268.7
3269
3269.3
3269.6
3270
3270.3
3270.6
3270.9
3271.2
3271.6
3271.9
3272.2
3272.5
3272.8
3273.2
3273.5
3273.8
3274.1
3274.4
3274.8
3275.1
3275.4
3275.7
3276
3276.4
3276.7
3277
3277.3
3277.6
3278
3278.3
3278.6
3278.9
3279.2
3279.6
3279.9
3280.2
3280.5
3280.8
3281.2
3281.5
3281.8
3282.1
3282.4
3282.8
3283.1
3283.4
3283.7
3284
3284.4
3284.7
3285
3285.3
3285.6
3286
3286.3
3286.6
3286.9
3287.2
3287.6
3287.9
3288.2
3288.5
3288.8
3289.2
3289.5
3289.8
3290.1
3290.4
3290.8
3291.1
3291.4
3291.7
3292
3292.4
3292.7
3293
3293.3
3293.6
3294
3294.3
3294.6
3294.9
3295.2
3295.6
3295.9
3296.2
3296.5
3296.8
3297.2
3297.5
3297.8
3298.1
3298.4
3298.8
3299.1
3299.4
3299.7
3300
3300.4
3300.7
3301
3301.3
3301.6
3302
3302.3
3302.6
3302.9
3303.2
3303.6
3303.9
3304.2
3304.5
3304.8
3305.2
3305.5
3305.8
3306.1
3306.4
3306.8
3307.1
3307.4
3307.7
3308
3308.4
3308.7
3309
3309.3
3309.6
3310
3310.3
3310.6
3310.9
3311.2
3311.6
3311.9
3312.2
3312.5
3312.8
3313.2
3313.5
3313.8
3314.1
3314.4
3314.8
3315.1
3315.4
3315.7
3316
3316.4
3316.7
3317
3317.3
3317.6
3318
3318.3
3318.6
3318.9
3319.2
3319.6
3319.9
3320.2
3320.5
3320.8
3321.2
3321.5
3321.8
3322.1
3322.4
3322.8
3323.1
3323.4
3323.7
3324
3324.4
3324.7
3325
3325.3
3325.6
3326
3326.3
3326.6
3326.9
3327.2
3327.6
3327.9
3328.2
3328.5
3328.8
3329.2
3329.5
3329.8
3330.1
3330.4
3330.8
3331.1
3331.4
3331.7
3332
3332.4
3332.7
3333
3333.3
3333.6
3334
3334.3
3334.6
3334.9
3335.2
3335.6
3335.9
3336.2
3336.5
3336.8
3337.2
3337.5
3337.8
3338.1
3338.4
3338.8
3339.1
3339.4
3339.7
3340
3340.4
3340.7
3341
3341.3
3341.6
3342
3342.3
3342.6
3342.9
3343.2
3343.6
3343.9
3344.2
3344.5
3344.8
3345.2
3345.5
3345.8
3346.1
3346.4
3346.8
3347.1
3347.4
3347.7
3348
3348.4
3348.7
3349
3349.3
3349.6
3350
3350.3
3350.6
3350.9
3351.2
3351.6
3351.9
3352.2
3352.5
3352.8
3353.2
3353.5
3353.8
3354.1
3354.4
3354.8
3355.1
3355.4
3355.7
3356
3356.4
3356.7
3357
3357.3
3357.6
3358
3358.3
3358.6
3358.9
3359.2
3359.6
3359.9
3360.2
3360.5
3360.8
3361.2
3361.5
3361.8
3362.1
3362.4
3362.8
3363.1
3363.4
3363.7
3364
3364.4
3364.7
3365
3365.3
3365.6
3366
3366.3
3366.6
3366.9
3367.2
3367.6
3367.9
3368.2
3368.5
3368.8
3369.2
3369.5
3369.8
3370.1
3370.4
3370.8
3371.1
3371.4
3371.7
3372
3372.4
3372.7
3373
3373.3
3373.6
3374
3374.3
3374.6
3374.9
3375.2
3375.6
3375.9
3376.2
3376.5
3376.8
3377.2
3377.5
3377.8
3378.1
3378.4
3378.8
3379.1
3379.4
3379.7
3380
3380.4
3380.7
3381
3381.3
3381.6
3382
3382.3
3382.6
3382.9
3383.2
3383.6
3383.9
3384.2
3384.5
3384.8
3385.2
3385.5
3385.8
3386.1
3386.4
3386.8
3387.1
3387.4
3387.7
3388
3388.4
3388.7
3389
3389.3
3389.6
3390
3390.3
3390.6
3390.9
3391.2
3391.6
3391.9
3392.2
3392.5
3392.8
3393.2
3393.5
3393.8
3394.1
3394.4
3394.8
3395.1
3395.4
3395.7
3396
3396.4
3396.7
3397
3397.3
3397.6
3398
3398.3
3398.6
3398.9
3399.2
3399.6
3399.9
3400.2
3400.5
3400.8
3401.2
3401.5
3401.8
3402.1
3402.4
3402.8
3403.1
3403.4
3403.7
3404
3404.4
3404.7
3405
3405.3
3405.6
3406
3406.3
3406.6
3406.9
3407.2
3407.6
3407.9
3408.2
3408.5
3408.8
3409.2
3409.5
3409.8
3410.1
3410.4
3410.8
3411.1
3411.4
3411.7
3412
3412.4
3412.7
3413
3413.3
3413.6
3414
3414.3
3414.6
3414.9
3415.2
3415.6
3415.9
3416.2
3416.5
3416.8
3417.2
3417.5
3417.8
3418.1
3418.4
3418.8
3419.1
3419.4
3419.7
3420
3420.4
3420.7
3421
3421.3
3421.6
3422
3422.3
3422.6
3422.9
3423.2
3423.6
3423.9
3424.2
3424.5
3424.8
3425.2
3425.5
3425.8
3426.1
3426.4
3426.8
3427.1
3427.4
3427.7
3428
3428.4
3428.7
3429
3429.3
3429.6
3430
3430.3
3430.6
3430.9
3431.2
3431.6
3431.9
3432.2
3432.5
3432.8
3433.2
3433.5
3433.8
3434.1
3434.4
3434.8
3435.1
3435.4
3435.7
3436
3436.4
3436.7
3437
3437.3
3437.6
3438
3438.3
3438.6
3438.9
3439.2
3439.6
3439.9
3440.2
3440.5
3440.8
3441.2
3441.5
3441.8
3442.1
3442.4
3442.8
3443.1
3443.4
3443.7
3444
3444.4
3444.7
3445
3445.3
3445.6
3446
3446.3
3446.6
3446.9
3447.2
3447.6
3447.9
3448.2
3448.5
3448.8
3449.2
3449.5
3449.8
3450.1
3450.4
3450.8
3451.1
3451.4
3451.7
3452
3452.4
3452.7
3453
3453.3
3453.6
3454
3454.3
3454.6
3455.6
3455.7
3455.9
3456.2
3456.5
3456.8
3457.2
3457.5
3457.8
3458.1
3458.4
3458.8
3459.1
3459.4
3459.7
3460
3460.4
3460.7
3461
3461.3
3461.6
3462
3462.3
3462.6
3462.9
3463.2
3463.6
3463.9
3464.2
3464.5
3464.8
3465.2
3465.5
3465.8
3466.1
3466.4
3466.8
3467.1
3467.4
3467.7
3468
3468.4
3468.7
3469
3469.3
3469.6
3470
3470.3
3470.6
3470.9
3471.2
3471.6
3471.9
3472.2
3472.5
3472.8
3473.2
3475
3476.7
3478.2
3479.7
3481.2
3482.3
3484
3484.9
3486.7
3488.1
3489.7
3491.5
3493.1
3494.8
3496.2
3497.6
3499.4
3500.4
3501.9
3503.4
3504.9
3506.5
3508.5
3510.4
3511.9
3513.8
3515.8
3517.3
3518.6
3519.9
3521.5
3522.7
3524.6
3526.7
3528.3
3529.8
3530.9
3532.5
3533.9
3535.8
3537.5
3539.3
3541.4
3543.3
3544.8
3546.4
3548.6
3550
3551
3552.9
3554.9
3556.4
3558
3560.2
3561.8
3563.6
3565.5
3567.5
3569.5
3570.8
3572.5
3573.3
3573.4
